[8, 9, 5, 2, 2, 3, 9, 1, 7, 7, 5, 8, 3],tensor([6.4200], device='cuda:0')
[2, 4, 7, 7, 7, 5, 6, 5, 9, 4, 5, 9, 8],tensor([12.7600], device='cuda:0')
[8, 6, 9, 8, 9, 2, 1, 7, 6, 9, 6, 3, 1],tensor([10.0100], device='cuda:0')
[8, 8, 9, 1, 1, 9, 4, 9, 8, 9, 1, 8, 1],tensor([9.9400], device='cuda:0')
[9, 9, 9, 6, 8, 9, 1, 8, 8, 3, 5, 1, 6],tensor([7.2000], device='cuda:0')
[5, 6, 7, 8, 5, 8, 8, 9, 4, 3, 9, 6, 6],tensor([8.3700], device='cuda:0')
[8, 2, 2, 2, 1, 1, 8, 1, 8, 9, 3, 5, 1],tensor([9.8100], device='cuda:0')
[5, 7, 5, 9, 8, 4, 6, 5, 8, 9, 6, 9, 7],tensor([4.2000], device='cuda:0')
[4, 3, 9, 8, 9, 5, 9, 3, 4, 8, 8, 2, 4],tensor([11.5400], device='cuda:0')
[1, 1, 5, 7, 7, 6, 6, 7, 5, 5, 6, 2, 9],tensor([11.4300], device='cuda:0')
[4, 2, 2, 1, 8, 2, 1, 6, 9, 5, 3, 5, 2],tensor([10.7200], device='cuda:0')
[6, 7, 2, 1, 1, 3, 9, 2, 6, 8, 6, 7, 5],tensor([10.1100], device='cuda:0')
[9, 4, 2, 1, 8, 6, 6, 5, 7, 7, 1, 4, 1],tensor([9.7100], device='cuda:0')
[5, 6, 8, 2, 9, 3, 6, 9, 1, 9, 5, 5, 3],tensor([10.5500], device='cuda:0')
[7, 2, 1, 3, 9, 8, 7, 2, 6, 8, 5, 7, 2],tensor([12.8200], device='cuda:0')
[8, 4, 2, 4, 8, 8, 8, 4, 9, 7, 5, 8, 4],tensor([13.3100], device='cuda:0')
[6, 2, 5, 5, 6, 7, 4, 6, 5, 5, 5, 9, 3],tensor([7.2900], device='cuda:0')
[3, 2, 6, 3, 9, 1, 5, 6, 2, 4, 4, 6, 8],tensor([9.6500], device='cuda:0')
[9, 7, 7, 6, 1, 6, 2, 3, 4, 1, 6, 3, 5],tensor([8.1000], device='cuda:0')
[3, 4, 5, 4, 6, 5, 3, 2, 2, 7, 9, 2, 7],tensor([13.5700], device='cuda:0')
[4, 8, 2, 1, 7, 2, 3, 8, 6, 2, 3, 2, 4],tensor([11.9000], device='cuda:0')
[7, 9, 6, 1, 2, 4, 9, 5, 3, 2, 3, 5, 3],tensor([10.6900], device='cuda:0')
[9, 4, 1, 8, 8, 5, 3, 4, 9, 1, 6, 5, 6],tensor([9.6100], device='cuda:0')
[1, 4, 8, 7, 2, 1, 6, 2, 6, 5, 1, 3, 6],tensor([10.0700], device='cuda:0')
[6, 8, 4, 9, 8, 5, 2, 4, 4, 4, 1, 6, 2],tensor([10.2300], device='cuda:0')
[7, 2, 2, 4, 9, 5, 7, 1, 7, 8, 9, 3, 8],tensor([8.4000], device='cuda:0')
[9, 2, 6, 5, 6, 9, 5, 6, 8, 4, 6, 8, 5],tensor([10.7100], device='cuda:0')
[2, 3, 5, 4, 7, 4, 4, 1, 7, 2, 8, 7, 1],tensor([7.8600], device='cuda:0')
[5, 8, 1, 3, 4, 8, 9, 9, 3, 7, 3, 1, 6],tensor([9.4100], device='cuda:0')
[4, 4, 1, 7, 2, 2, 7, 5, 9, 5, 2, 1, 2],tensor([9.3000], device='cuda:0')
[5, 9, 8, 7, 7, 4, 7, 6, 7, 7, 8, 3, 3],tensor([8.2600], device='cuda:0')
[2, 9, 1, 2, 6, 6, 5, 7, 7, 8, 2, 8, 9],tensor([10.4800], device='cuda:0')
[7, 4, 3, 2, 4, 9, 1, 3, 4, 6, 5, 6, 9],tensor([13.5700], device='cuda:0')
[5, 7, 4, 9, 7, 1, 4, 9, 7, 5, 3, 4, 5],tensor([10.2800], device='cuda:0')
[1, 3, 1, 5, 7, 2, 2, 4, 2, 8, 4, 2, 3],tensor([10.3300], device='cuda:0')
[9, 4, 9, 7, 2, 1, 7, 8, 9, 4, 1, 1, 3],tensor([14.3800], device='cuda:0')
[5, 6, 8, 4, 4, 6, 3, 3, 3, 9, 5, 3, 1],tensor([11.7500], device='cuda:0')
[2, 9, 4, 3, 2, 9, 2, 2, 2, 9, 6, 8, 3],tensor([12.4200], device='cuda:0')
[4, 6, 2, 9, 4, 2, 3, 9, 7, 6, 6, 7, 8],tensor([11.6500], device='cuda:0')
[5, 8, 5, 5, 6, 1, 2, 6, 3, 4, 8, 9, 2],tensor([12.1000], device='cuda:0')
[8, 5, 1, 2, 5, 1, 8, 7, 8, 8, 4, 4, 2],tensor([11.], device='cuda:0')
[3, 4, 3, 6, 8, 3, 9, 3, 7, 6, 4, 8, 5],tensor([9.5800], device='cuda:0')
[3, 2, 7, 7, 2, 8, 9, 6, 6, 1, 8, 8, 7],tensor([9.8900], device='cuda:0')
[3, 6, 9, 6, 3, 4, 8, 8, 3, 9, 8, 3, 1],tensor([6.3200], device='cuda:0')
[3, 3, 9, 6, 9, 9, 4, 1, 1, 3, 5, 7, 5],tensor([10.1500], device='cuda:0')
[3, 6, 7, 5, 6, 8, 6, 8, 5, 2, 2, 2, 1],tensor([9.3800], device='cuda:0')
[5, 1, 2, 2, 6, 7, 1, 1, 7, 3, 4, 4, 2],tensor([9.7800], device='cuda:0')
[7, 5, 4, 8, 9, 3, 4, 5, 5, 1, 5, 3, 9],tensor([11.9500], device='cuda:0')
[7, 1, 7, 7, 3, 7, 7, 2, 1, 4, 7, 9, 7],tensor([10.2200], device='cuda:0')
[5, 4, 3, 4, 7, 6, 6, 5, 3, 1, 7, 9, 1],tensor([10.8700], device='cuda:0')
[2, 7, 5, 3, 1, 1, 7, 7, 6, 3, 1, 6, 7],tensor([8.2700], device='cuda:0')
[1, 5, 9, 4, 6, 9, 5, 7, 6, 3, 1, 7, 5],tensor([9.3200], device='cuda:0')
[7, 3, 5, 2, 3, 6, 9, 4, 2, 6, 1, 6, 6],tensor([10.6700], device='cuda:0')
[3, 4, 8, 4, 3, 1, 7, 9, 7, 8, 2, 3, 4],tensor([11.0500], device='cuda:0')
[1, 4, 3, 2, 2, 1, 8, 1, 7, 8, 9, 2, 9],tensor([11.1500], device='cuda:0')
[5, 6, 4, 1, 1, 4, 4, 1, 6, 3, 8, 3, 6],tensor([10.2500], device='cuda:0')
[1, 2, 9, 7, 5, 4, 4, 2, 9, 8, 5, 1, 7],tensor([10.2600], device='cuda:0')
[3, 4, 7, 4, 5, 8, 9, 8, 2, 2, 8, 9, 6],tensor([13.], device='cuda:0')
[5, 7, 4, 2, 2, 9, 8, 3, 7, 5, 2, 3, 7],tensor([10.0400], device='cuda:0')
[5, 3, 4, 1, 7, 5, 2, 3, 9, 7, 1, 1, 6],tensor([9.6900], device='cuda:0')
[6, 4, 7, 6, 3, 6, 5, 1, 7, 3, 1, 8, 7],tensor([11.9800], device='cuda:0')
[3, 6, 5, 5, 7, 8, 2, 6, 9, 8, 4, 3, 8],tensor([10.5600], device='cuda:0')
[7, 8, 9, 5, 6, 5, 4, 7, 2, 6, 9, 3, 2],tensor([6.7800], device='cuda:0')
[9, 3, 3, 4, 9, 8, 8, 7, 9, 3, 9, 8, 8],tensor([9.9800], device='cuda:0')
[1, 8, 2, 5, 8, 2, 4, 8, 2, 5, 9, 8, 8],tensor([13.1900], device='cuda:0')
[1, 3, 2, 2, 1, 5, 1, 2, 2, 9, 8, 7, 3],tensor([9.4500], device='cuda:0')
[9, 7, 6, 7, 5, 7, 8, 2, 3, 7, 3, 2, 5],tensor([11.3200], device='cuda:0')
[3, 7, 9, 2, 2, 1, 5, 1, 6, 9, 7, 6, 7],tensor([10.4400], device='cuda:0')
[2, 2, 3, 5, 4, 8, 5, 1, 7, 4, 7, 4, 4],tensor([10.1700], device='cuda:0')
[3, 1, 5, 5, 6, 4, 4, 6, 8, 6, 1, 7, 9],tensor([10.5700], device='cuda:0')
[7, 9, 6, 9, 9, 5, 8, 5, 1, 5, 5, 1, 8],tensor([7.0800], device='cuda:0')
[3, 3, 7, 6, 6, 1, 9, 6, 6, 3, 3, 9, 6],tensor([10.4100], device='cuda:0')
[1, 6, 6, 6, 8, 2, 8, 1, 6, 2, 3, 4, 7],tensor([7.8200], device='cuda:0')
[2, 7, 3, 6, 1, 8, 2, 9, 6, 7, 1, 9, 7],tensor([11.0400], device='cuda:0')
[9, 4, 2, 1, 2, 1, 3, 6, 8, 4, 2, 6, 7],tensor([8.7200], device='cuda:0')
[8, 5, 3, 1, 5, 6, 2, 6, 5, 7, 5, 3, 7],tensor([10.3000], device='cuda:0')
[9, 2, 1, 9, 5, 1, 2, 4, 3, 6, 5, 6, 3],tensor([13.5400], device='cuda:0')
[7, 6, 1, 7, 4, 6, 5, 9, 7, 4, 2, 8, 6],tensor([13.3000], device='cuda:0')
[8, 9, 8, 5, 3, 8, 2, 5, 8, 9, 3, 1, 4],tensor([8.6300], device='cuda:0')
[7, 8, 5, 6, 3, 3, 2, 6, 2, 7, 6, 4, 8],tensor([11.2400], device='cuda:0')
[2, 2, 5, 5, 8, 4, 3, 9, 7, 3, 3, 9, 2],tensor([9.4800], device='cuda:0')
[5, 8, 6, 7, 5, 8, 5, 5, 2, 3, 2, 7, 7],tensor([6.7400], device='cuda:0')
[5, 4, 1, 4, 2, 4, 1, 2, 1, 8, 3, 2, 3],tensor([10.9900], device='cuda:0')
[8, 2, 1, 2, 9, 6, 8, 7, 9, 7, 6, 8, 4],tensor([11.2200], device='cuda:0')
[7, 5, 1, 4, 8, 5, 9, 4, 2, 3, 2, 7, 7],tensor([9.7000], device='cuda:0')
[3, 3, 8, 1, 2, 4, 1, 2, 9, 3, 7, 8, 5],tensor([11.6300], device='cuda:0')
[2, 4, 7, 8, 1, 5, 9, 7, 7, 6, 2, 3, 6],tensor([8.4700], device='cuda:0')
[3, 5, 2, 2, 2, 4, 1, 5, 4, 9, 2, 2, 7],tensor([10.7500], device='cuda:0')
[9, 9, 3, 7, 3, 2, 5, 1, 7, 8, 6, 9, 4],tensor([10.4800], device='cuda:0')
[9, 3, 2, 3, 5, 2, 5, 3, 7, 3, 9, 3, 1],tensor([10.3700], device='cuda:0')
[3, 4, 5, 3, 3, 7, 3, 1, 5, 5, 4, 4, 3],tensor([10.6800], device='cuda:0')
[6, 3, 8, 5, 5, 8, 6, 4, 4, 3, 5, 4, 3],tensor([13.6000], device='cuda:0')
[9, 2, 8, 9, 1, 2, 8, 5, 4, 3, 5, 2, 6],tensor([9.7800], device='cuda:0')
[4, 6, 1, 7, 4, 1, 4, 6, 1, 7, 7, 9, 7],tensor([10.2200], device='cuda:0')
[5, 6, 2, 6, 5, 1, 1, 1, 7, 4, 3, 2, 5],tensor([9.6900], device='cuda:0')
[4, 7, 1, 8, 5, 1, 6, 6, 9, 8, 2, 6, 9],tensor([9.5700], device='cuda:0')
[4, 4, 4, 3, 1, 2, 9, 4, 9, 1, 7, 2, 5],tensor([9.8300], device='cuda:0')
[5, 3, 9, 6, 1, 7, 8, 8, 9, 1, 8, 3, 2],tensor([10.9600], device='cuda:0')
[8, 4, 6, 3, 3, 2, 5, 6, 6, 6, 8, 5, 2],tensor([7.2100], device='cuda:0')
[5, 8, 5, 8, 2, 3, 9, 1, 7, 9, 8, 9, 1],tensor([9.0900], device='cuda:0')
